3361.522705 84.805435 2707.486328
3515.221191 93.608353 2722.299316
3508.193604 86.583862 2799.056396
3413.786621 85.086975 2810.410645
3336.177490 80.857132 2827.514160
3348.233398 80.637436 2893.707031
3425.144287 84.702438 2899.608887
3503.467285 82.106903 2903.375977
3489.371582 85.107559 2980.608887
3463.901367 87.531464 3027.974365
3461.753174 84.214935 2912.957031
3455.873047 87.023346 2980.322998
3441.659180 86.837906 3041.255859
3454.320557 83.645020 3079.550049
3490.262451 86.000198 3067.301758
3527.798340 81.914642 2975.864990
3502.373535 86.638794 3025.531494
3431.649170 92.235062 2681.459473
3473.370117 88.973450 2770.097168
3450.123291 85.876617 2842.948242
3414.243896 84.977112 2870.328857
3381.685059 82.962524 2813.375732
3347.599854 81.722336 2775.009277
3299.567383 78.096802 2770.531738
3284.084229 78.810928 2818.311035
3319.770264 78.165451 2896.348145
3385.046875 84.482727 2928.033691
3411.216797 84.695587 2892.536377
3366.418945 82.560089 2864.918945
3379.942383 83.404663 2876.398682
3374.862793 82.518860 2902.458008
3413.783203 85.814819 2925.817139
3422.856201 86.130661 2943.695801
3449.670410 84.489609 2901.942871
3456.385254 85.025162 2873.957275
3401.897217 84.949646 2833.027344
3397.904053 84.626907 2877.223389
3432.922363 85.849091 2811.920166
3436.587402 85.801086 2832.664795
3438.677734 85.464630 2855.306152
3447.491455 85.738998 2950.480469
3447.491455 85.738998 2950.480469
3470.409912 84.208069 2945.079102
3450.180420 86.748627 2969.501953
3467.502441 86.927185 2990.202393
3480.978516 84.530762 2960.762939
3464.642822 87.325500 3008.104492
3487.352539 86.611298 3003.170654
3422.608154 87.407852 2741.394775
3469.994873 86.780334 2807.325928
3497.294189 85.608856 2844.222900
3533.738525 82.862228 2848.135742
3561.932129 82.463943 2811.349609
3568.654297 85.801041 2761.961182
3544.885010 85.663727 2773.312256
3563.556641 80.266571 2842.447266
3561.820801 76.284042 2889.679688
3543.496826 77.025665 2921.253418
3585.004150 72.940002 3022.431641
3604.003418 67.708054 3065.201660
3637.548340 68.684525 2881.562988
3580.787354 72.610367 2947.080811
3547.566650 81.475143 3032.602539
3536.322266 76.654861 3111.040039
3532.509766 68.222687 3179.458252
3560.192139 63.591492 3168.742432
3561.000732 73.804901 3097.098145
3568.979980 75.151047 3067.099365
3590.824707 68.030457 3108.546875
3583.893555 61.219086 3157.020752
3607.361328 62.221298 3144.447998
3627.556396 59.584564 3095.089844
3648.382324 51.398529 3019.522217
3662.103516 48.186096 2928.339844
3654.359619 56.350433 2918.902344
3622.606689 64.748215 2952.493164
3636.410645 62.798126 3002.569092
3623.697998 64.555954 3060.877686
3537.798584 78.076218 2947.748535
3579.817871 72.761475 2987.581543
3604.433350 68.833832 3013.417480
3603.382080 68.813232 2984.976074
3589.748535 71.113510 2922.142578
3600.869385 69.478912 2887.423828
3632.566162 61.953537 2922.788086
3593.081055 76.407623 2829.048096
3635.765137 72.637878 2790.310791
3673.830078 64.830414 2833.524658
3681.659912 48.211395 2877.655518
3612.997559 75.707260 2798.087646
3639.907227 67.858795 2837.568359
3665.425293 62.207596 2884.663818
3520.528320 84.565125 2999.247803
3541.950928 81.825363 3005.209473
3556.103027 78.996323 3004.912109
3549.629639 78.563766 2976.888428
3564.536621 75.109863 2964.047852
3592.793457 70.344467 2963.748291
3612.580811 67.034744 2970.097412
3634.196533 60.676361 2978.584717
3604.395752 68.749893 3036.127930
3623.932861 63.738846 3028.013428
3661.068115 50.603088 2978.156250
3649.635498 54.201187 2949.378906
3675.021240 41.800186 2946.616699
3697.513672 28.932236 2948.708984
3700.753418 27.689407 2909.897461
3698.963867 35.270081 2887.227539
3687.470459 39.575424 2892.819336
3680.800049 40.165955 2918.289307
3664.970703 52.772949 2899.674316
3672.771729 44.099747 2965.074219
3690.256592 36.519745 2983.684814
3680.298096 39.335068 3006.883301
3658.746094 49.195465 2998.451660
3673.301758 44.402588 2985.716064
3507.524414 83.912796 2870.648926
3507.524414 83.912796 2870.648926
3520.757812 81.825363 2885.164795
3520.757812 81.825363 2885.164795
3498.231934 82.017624 2933.585938
3498.231934 82.017624 2933.585938
3580.374268 76.620514 2858.207031
3580.374268 76.620514 2858.207031
3613.178711 71.587311 2856.655273
3613.178711 71.587311 2856.655273
3623.511230 70.797668 2824.802979
3623.511230 70.797668 2824.802979
3589.250977 84.578835 2741.988525
3612.210205 83.181923 2713.602295
3625.885498 82.856773 2691.980713
3636.128418 83.088753 2652.034668
3623.931885 87.317696 2586.322510
3622.244141 83.129990 2530.618896
3649.328613 78.361115 2558.102295
3653.235596 80.327744 2599.644043
3663.406982 78.886467 2641.050537
3650.610107 77.458214 2667.244141
3648.843750 76.352669 2693.982910
3638.328369 77.046219 2725.791016
3627.839111 76.775650 2741.266602
3626.561279 74.684120 2763.843750
3663.337891 68.977760 2753.732178
3682.341064 69.396866 2730.257812
3681.609863 69.825386 2697.924316
3688.128662 71.903175 2669.228760
3690.599121 71.649117 2630.534912
3686.447021 71.764923 2590.285889
3717.704590 64.620285 2601.878662
3723.565430 60.149872 2638.750732
3717.704346 57.233849 2684.104004
3713.797363 55.583038 2730.518066
3702.075684 57.519203 2763.033691
3679.357422 59.618904 2793.570801
3680.586182 65.167099 2814.054443
3681.866211 60.142441 2848.351562
3694.100830 55.485245 2836.673584
3700.122314 45.570290 2815.177979
3706.170898 42.466248 2791.363281
3715.750977 42.970490 2759.846191
3692.307861 48.916290 2857.122559
3709.890381 38.976624 2845.019531
3721.611816 26.490768 2831.363770
3736.911133 21.976425 2802.872314
3747.008545 20.687424 2769.047363
3720.460693 35.579536 2766.300537
3739.194092 35.399124 2728.801025
3742.507080 40.770103 2683.628418
3750.659912 39.149681 2650.005859
3758.614746 38.586624 2646.025879
3760.683594 31.069427 2661.961182
3756.572754 29.124527 2695.217285
3755.235107 27.984680 2724.228516
3750.915771 23.216965 2749.865479
3758.730225 18.978409 2752.447266
3772.039551 20.623734 2719.863770
3778.895996 21.921494 2685.266113
3782.173584 24.771378 2647.650635
3707.936768 39.297760 2807.602783
3720.489014 32.997124 2786.722412
3720.489014 32.997124 2786.722412
3715.114990 32.283127 2813.350098
3715.114990 32.283127 2813.350098
3739.194336 21.111404 2791.247314
3739.194336 21.111404 2791.247314
3748.488037 18.625549 2784.980469
3748.488037 18.625549 2784.980469
3735.571045 42.624168 2702.495117
3713.797607 59.224579 2711.426270
3725.664795 40.522964 2744.801514
3697.163818 62.695137 2741.704590
3710.996094 56.040962 2746.764404
3649.328613 70.580711 2772.030518
3672.771973 62.878273 2774.466797
3688.400391 55.210434 2776.106689
3704.029541 47.080170 2774.033447
3702.886719 70.179680 2563.483154
3743.012695 61.623932 2595.727051
3763.112793 42.679092 2611.280518
3786.509033 26.707474 2616.695068
3795.534424 26.522095 2598.800537
3756.927979 49.566254 2571.854492
3725.535645 64.212639 2546.158691
3717.947754 62.579292 2516.239502
3756.776611 40.833908 2531.103516
3798.410889 25.959045 2567.814209
3811.045898 17.437637 2543.730957
3735.211426 61.328667 2493.811768
3762.322021 43.720779 2502.564209
3780.219971 32.660606 2484.877686
3817.338135 14.866257 2509.071045
3771.164062 36.567848 2521.823242
3789.988037 25.415039 2540.508301
3772.671875 42.322037 2589.869873
3772.671875 42.322037 2589.869873
3740.878418 50.783157 2621.733643
3740.878418 50.783157 2621.733643
3727.180908 58.115082 2663.029541
3727.180908 58.115082 2663.029541
3698.568848 69.637222 2650.038086
3698.568848 69.637222 2650.038086
3705.982910 65.918732 2618.488770
3705.982910 65.918732 2618.488770
3772.922363 39.252686 2562.727295
3772.922363 39.252686 2562.727295
3663.658447 42.047386 3077.002441
3651.282227 40.796257 3130.950684
3631.746338 41.364876 3158.766113
3598.104248 41.532394 3176.828125
3567.277344 42.370056 3198.633057
3534.864258 46.943314 3217.582520
3503.528564 48.533066 3239.072266
3496.462158 43.365486 3245.183838
3524.960205 32.489120 3243.691406
3556.377686 29.964737 3229.304199
3584.144287 28.973450 3209.503906
3622.294922 31.424820 3184.026855
3657.203369 32.750061 3146.800293
3692.038086 28.671326 3105.457764
3705.983154 20.472672 3118.257812
3692.275635 19.531921 3157.931152
3671.754639 20.142868 3174.603027
3657.142822 20.948196 3189.425293
3641.045898 20.630600 3202.218018
3622.193359 20.376526 3212.316650
3595.490723 19.387726 3230.531982
3577.656738 19.758530 3243.677490
3552.759033 19.682999 3257.647949
3521.443115 19.249222 3272.283447
3595.936768 32.688690 3194.139160
3638.840820 32.550949 3169.191406
3649.634277 29.577713 3162.997559
3618.178223 60.841156 3124.750000
3630.299805 47.684799 3136.915283
3631.807861 51.336639 3104.308838
3654.286865 43.763748 3097.874756
3664.957275 37.391022 3108.351074
3675.148682 29.138245 3124.555176
3693.579834 23.624390 3127.606934
3672.996582 27.325516 3145.002930
3546.643799 56.213089 3200.239258
3559.259521 37.690701 3215.628662
3568.643066 29.591446 3223.004395
3541.880615 28.839653 3241.018066
3522.344238 49.441769 3227.746338
3607.663086 23.246727 3213.242920
3607.663086 23.246727 3213.242920
3613.218262 16.187904 3225.757568
3616.082520 16.329483 3225.396729
3647.375000 13.644928 3215.363525
3663.642090 13.276512 3208.410156
3682.489746 13.950775 3198.046631
3697.444824 15.171669 3175.313477
3707.503906 13.163742 3172.649658
3662.651855 44.807716 3039.107666
3694.261475 31.395096 3017.586182
3717.704590 23.751251 2988.316895
3729.426270 16.208557 2944.542480
3740.183594 14.903854 2880.555176
3760.885254 11.408783 2870.246826
3775.303955 5.798798 2901.437500
3766.780273 4.700165 2930.127441
3756.161377 6.052872 2958.214355
3745.254883 11.264587 2983.239258
3731.649170 17.135513 3015.321533
3711.783447 21.921478 3036.065186
3696.846924 28.094543 3052.602783
3698.168457 28.764297 3069.005859
3704.974121 25.684372 3075.182617
3717.963379 19.545670 3071.485107
3732.713867 13.894485 3059.036621
3743.660889 7.233902 3044.374756
3759.009521 3.848724 3026.677734
3771.671387 3.107132 3004.521729
3782.925293 1.170776 2979.913330
3796.397949 -0.436035 2956.308350
3802.085449 1.246292 2918.533447
3716.981934 22.958328 2901.245361
3743.409912 10.502396 2896.101562
3777.213135 4.226349 2917.689941
3816.069336 -1.816208 2942.703369
3738.466553 22.539474 2824.305664
3778.528076 10.200287 2845.567383
3807.314453 4.727646 2876.241455
3816.850830 1.102081 2899.933594
3783.436768 8.154053 2873.616943
3795.848877 6.542953 2825.388916
3766.711426 11.003662 2789.455078
3770.598877 12.582977 2759.013672
3782.559570 8.620956 2766.773193
3803.191162 3.786911 2800.209473
3812.860107 3.677032 2849.537354
3706.889648 32.943077 2871.794922
3741.147705 12.914154 2926.581299
3463.355225 44.136780 3268.375977
3408.810791 40.172806 3297.471436
3359.263428 39.539688 3323.077148
3324.169189 31.981003 3328.273438
3489.325195 24.998322 3272.283203
3462.336182 20.987595 3287.912354
3434.381104 23.020126 3306.690918
3405.797119 22.937729 3326.833008
3372.672119 21.296646 3345.818848
3336.751953 19.204391 3355.886719
3339.065186 40.641663 3319.169678
3358.332275 22.795319 3346.520020
3379.600098 11.352600 3360.195312
3392.179932 8.634705 3355.677490
3389.953125 26.191574 3326.984375
3450.840332 44.185974 3272.283447
3462.755859 11.277496 3303.540771
3447.303955 -1.733810 3332.912842
3421.391602 16.362640 3325.030762
3421.391602 16.362640 3325.030762
3411.745361 10.366028 3342.613037
3411.745361 10.366028 3342.613037
3486.302734 15.687393 3287.912354
3486.302734 15.687393 3287.912354
3527.329102 7.618454 3289.219727
3536.693115 3.924225 3294.845703
3508.563232 -1.177582 3314.726562
3482.307129 2.288391 3313.309082
3502.879395 6.576874 3297.680176
3503.057617 21.983307 3272.007812
3478.692627 44.299591 3259.639893
3472.891113 35.215149 3269.543457
3428.410156 51.172966 3280.920166
3446.075439 27.682556 3291.814941
3448.915771 13.104813 3309.214844
3460.965820 2.523453 3320.713623
3434.434814 14.949158 3317.216064
3415.431152 33.416122 3303.718262
3424.265625 43.791428 3287.912109
3436.517334 59.948494 3265.687500
3360.312744 45.466919 3301.748047
3377.084473 44.567368 3301.637207
3389.494385 44.189728 3297.362061
3394.853760 39.788925 3303.541016
3370.401855 38.826965 3318.645996
3379.731201 27.202759 3331.647705
3391.453125 19.824326 3338.340576
3452.014648 64.462059 3256.108643
3462.641357 63.126366 3254.700928
3473.523193 63.064484 3248.840088
3483.935059 61.486603 3241.436035
3512.834961 66.739510 3203.329346
3521.572754 60.999084 3211.573730
3500.947021 63.951691 3216.523926
3510.804688 61.005905 3225.230469
3490.397949 66.087852 3229.304199
3498.478027 60.853386 3231.257568
3505.981445 34.880112 3250.793701
3534.541748 62.626472 3195.153564
3579.687988 45.727844 3178.792725
3566.635010 51.900902 3181.216797
3548.916260 62.118294 3180.540283
3583.877930 71.134109 3076.911377
3610.671387 63.354309 3108.806396
3598.164795 66.869980 3120.657959
3587.979248 68.140305 3129.527344
3580.268555 66.306938 3143.045410
3607.954834 51.605629 3157.779541
3598.243896 54.997711 3158.232422
3574.484863 71.195930 3114.703369
3555.733398 73.942444 3109.355957
3562.679688 71.182167 3128.410645
3544.905518 73.482491 3128.236084
3560.832764 66.650253 3153.218262
3541.060547 72.225883 3151.800537
3483.021729 -35.389236 3436.385986
3473.411865 -41.525757 3455.921875
3463.452393 -43.331604 3475.458008
3451.757080 -44.787140 3503.741455
3438.554932 -42.619125 3547.740967
3425.939209 -44.361420 3586.145996
3422.710449 -38.868591 3629.533447
3412.095215 -34.185181 3657.487061
3385.175781 -26.570145 3659.287842
3388.447998 -25.533295 3620.169678
3394.289062 -31.740677 3572.928711
3408.694580 -29.522781 3537.874512
3427.501709 -27.407883 3474.632812
3447.060791 -14.100479 3385.626465
3443.548096 -17.286560 3414.343750
3409.684326 -7.755783 3399.334961
3385.592285 -4.759644 3420.067871
3383.638672 -12.240356 3461.414551
3380.041992 -15.624847 3501.737061
3373.797852 -19.312195 3531.526123
3370.793945 -23.129974 3567.434082
3364.102539 -20.630432 3603.689209
3358.241943 -18.997742 3628.016602
3355.962891 -22.711136 3657.583496
3370.683838 -31.665131 3685.480225
3386.736572 -31.562149 3682.093506
3395.241455 -29.392319 3662.416992
3395.360107 -28.026886 3637.391846
3402.597168 -29.138275 3618.883545
3401.721436 -34.748245 3587.715088
3407.279297 -37.790100 3572.907227
3423.866211 -40.420013 3618.418945
3439.910889 -47.485672 3595.494873
3464.704834 -52.511993 3543.057373
3490.579590 -56.419083 3483.112549
3453.406006 -25.032043 3432.551758
3416.769531 -15.304245 3432.478516
3399.251465 -13.303955 3444.601807
3405.249023 -19.497604 3465.968994
3405.962891 -23.466492 3497.580078
3426.617920 -32.162216 3516.174561
3435.574219 -35.187683 3491.664551
3381.966553 -27.675644 3589.947266
3375.949219 -22.656189 3641.240967
3435.476318 -24.599442 3453.531738
3435.476318 -24.599442 3453.531738
3489.992188 -50.404037 3450.489746
3500.854736 -41.309326 3417.109619
3522.344238 -43.146011 3392.750244
3558.909180 -44.187225 3377.777832
3577.366455 -41.057175 3366.056152
3541.880615 -40.823425 3382.665283
3508.483887 -47.691742 3405.128418
3495.162109 -44.457550 3432.847412
3520.390869 -62.123688 3430.960693
3539.927002 -59.486450 3409.238037
3407.173828 -1.328690 3371.374756
3427.299316 -2.979271 3356.288330
3451.210693 -8.929970 3353.351074
3471.550537 -18.663567 3375.755859
3471.001221 -23.390930 3397.606201
3456.690186 -19.823509 3407.081787
3478.168701 -26.281754 3398.535156
3487.179688 -26.157928 3381.379395
3478.709473 -13.479332 3352.380859
3464.613281 -3.145111 3332.845215
3493.488770 -4.475616 3325.030518
3529.224365 -14.183762 3340.659180
3516.211182 -23.219254 3364.619873
3496.947510 -17.781273 3355.719727
3514.508545 -13.248497 3342.612793
3532.675049 -22.697174 3360.195557
3553.468262 -24.036392 3355.791748
3601.267334 -37.693985 3351.750488
3622.543213 -38.744568 3345.657227
3642.453125 -40.029449 3336.751953
3666.518311 -42.788155 3323.077148
3695.061035 -45.362038 3309.401611
3724.084473 -48.065544 3289.865723
3832.102295 -37.826225 3211.721436
3803.544922 -40.045464 3229.303955
3775.388672 -40.745857 3254.700684
3757.456055 -49.857590 3270.329590
3767.599609 -55.605499 3272.283447
3800.097412 -53.915894 3246.886719
3820.556152 -50.109032 3231.257568
3739.619629 -57.861084 3291.448242
3691.452148 -56.436073 3332.845215
3660.673340 -53.761734 3348.822998
3630.404053 -55.700745 3358.241943
3611.608398 -54.229477 3366.056152
3713.009766 -56.270546 3315.262695
3734.350586 -65.670120 3313.308838
3732.823486 -79.287270 3362.148926
3714.558594 -66.554146 3337.132812
3715.910400 -78.348572 3377.777832
3721.851074 -87.243065 3401.511475
3703.061279 -72.582985 3368.986572
3693.710449 -68.490532 3359.571289
3668.736816 -64.336235 3363.045898
3648.418213 -65.615936 3373.870850
3601.330566 -65.833153 3388.775391
3565.345703 -58.245689 3391.918701
3624.833252 -66.346603 3379.731445
3660.505615 -70.262085 3379.632324
3679.911865 -71.978943 3375.824463
3677.641357 -52.580681 3335.818115
3677.641357 -52.580681 3335.818115
3789.345459 -38.415161 3237.118408
3789.345459 -38.415161 3237.118408
3737.777344 -41.942207 3270.329834
3733.825439 -52.457085 3288.432129
3760.696777 -32.042801 3255.864014
3760.696777 -32.042801 3255.864014
3783.769043 -59.261856 3266.656006
3783.769043 -59.261856 3266.656006
