3732.019531 -66.760254 2027.185913
3802.452148 -70.262085 1982.396240
3726.802734 -69.823502 1992.674072
3706.645508 -75.988770 1929.462524
3764.789307 -72.984406 1967.277222
3693.667236 -71.745285 1967.093506
3735.731201 -73.558060 1956.210449
3733.705078 -80.912094 1873.980713
3648.208740 -76.297775 1919.881470
3613.979004 -84.489578 1900.299438
3677.477051 -84.290466 1856.091187
3700.122070 -79.153458 1891.303467
3753.749268 -78.234222 1905.687134
3806.081055 -71.182266 1937.364258
3791.711670 -74.862656 1907.703857
3768.422852 -79.346573 1851.760986
3699.702637 -87.002792 1835.229370
3598.228516 -95.050369 1850.411133
3653.052734 -72.030762 1951.648315
3718.927246 -73.544586 1954.277954
3729.140869 -74.979385 1943.128174
3762.938721 -74.800858 1943.169434
3739.325195 -71.565125 1977.045166
3740.145752 -74.910706 1942.379028
3715.750977 -76.173462 1929.366699
3720.537354 -77.890854 1915.700928
3698.713135 -76.895172 1917.413086
3671.797363 -72.514328 1957.143066
3685.176025 -65.022903 2004.984253
3636.500732 -50.177444 2003.330811
3618.830322 -60.216293 1964.404663
3656.764160 -52.409012 2013.560547
3701.886963 -44.402603 2073.666260
3676.489502 -32.997269 2065.561279
3622.628906 -28.321121 2041.156982
3570.105225 -25.677490 1997.784058
3569.998047 -36.253738 1961.416382
3586.813232 -60.479385 1945.930298
3623.633057 -63.785034 1961.416504
3627.230713 -49.785980 1990.916626
3608.302734 -34.032440 2013.389038
3638.504395 -34.172470 2033.699707
3672.771729 -36.449905 2049.002930
3679.669922 -47.011887 2040.160889
3659.253418 -37.371246 2034.131226
3659.951904 -61.919189 1993.919556
3639.391113 -64.336212 1974.147705
3592.285889 -33.952896 1994.627563
3585.866699 -48.536270 1964.225220
3616.772949 -70.777100 1945.977905
3596.433838 -53.988327 1961.416016
3608.302734 -47.777657 1978.847412
3582.906250 -31.876282 1979.345703
3585.572021 -23.796074 2018.558594
3597.282959 -22.052025 2042.619629
3631.532471 -21.166176 2069.328369
3649.892090 -20.493248 2082.093994
3545.800293 -47.257324 1945.787476
3555.803467 -77.018784 1899.557129
3504.761963 -51.461288 1923.456421
3493.040283 -63.450333 1889.406982
3524.949951 -70.783951 1904.717896
3550.274414 -57.030212 1934.087280
3557.509033 -83.425812 1887.324219
3523.931396 -81.269257 1876.746094
3484.242920 -73.214706 1871.908203
3442.246826 -45.212723 1893.227539
3461.328369 -26.123825 1948.294678
3508.689697 -22.462234 1973.138062
3536.240723 -12.322052 2029.625732
3537.973389 -6.388168 2060.802002
3537.459717 -13.669235 2021.978027
3522.624512 -18.817795 1989.838745
3489.070557 -7.728310 2026.900879
3528.783203 -16.888290 2003.568237
3537.039307 -23.638138 1980.170654
3503.105957 -25.924683 1963.359985
3474.870605 -22.216766 1967.828247
3468.254639 -11.786438 2005.468750
3509.231934 -4.851234 2043.781494
3522.507080 -95.867485 1836.662476
3640.153320 -99.696548 1775.824219
3542.583252 -118.046471 1758.825684
3526.122070 -105.106285 1793.406738
3593.706543 -110.137383 1760.195312
3557.668945 -100.371941 1823.875000
3636.558350 -92.722626 1826.726562
3401.374023 1.335480 2088.400391
3331.634277 8.050064 2121.611816
3316.912598 0.861725 2114.695557
3378.638672 -7.288864 2056.120117
3406.043213 -11.564590 2016.117310
3333.722656 -15.068649 2057.142578
3312.124268 -10.708405 2080.296143
3369.142334 -5.894958 2068.260498
3411.467773 -4.563248 2053.235840
3347.616943 -21.090637 2030.442993
3383.215576 -23.281067 1993.586060
3409.733887 -16.867691 1994.369995
3440.625488 -0.113312 2074.006348
3470.164062 4.228943 2100.122070
3507.438721 4.631516 2103.257812
3608.520020 -1.603333 2136.622559
3566.125000 -3.200027 2102.075928
3561.416260 -9.099396 2072.602051
3581.222168 -12.004135 2080.586182
3566.615967 -13.427536 2053.153809
3557.359375 -15.885757 2027.761719
3516.160889 30.587067 2160.157715
3475.458008 52.553268 2164.505371
3444.745117 43.047852 2152.869141
3431.276123 22.814133 2133.922119
3475.583740 32.370071 2143.101562
3501.447510 26.535828 2144.799072
3522.344238 21.234283 2143.447266
3564.271484 20.623734 2161.766602
3541.880615 13.457916 2133.827637
3532.253906 6.054764 2115.750732
3473.571045 -0.582962 2064.957275
3443.656738 -5.270081 2033.893066
3442.513916 -12.184708 1999.994141
3444.857422 -17.877090 1981.334717
3426.617676 -22.142807 1973.137939
3435.504150 -25.746155 1952.757202
3513.115723 -10.708405 2021.550171
3493.693359 -14.670425 1996.581177
3592.963379 -100.385712 1812.882812
3617.933594 -105.048065 1759.162476
3569.646240 -109.628082 1782.669189
3457.061768 -100.124985 1773.461304
3347.515137 -100.823135 1734.798584
3390.179688 -94.013535 1756.079590
3425.884277 -103.049911 1737.632568
3380.627686 -103.722809 1714.310303
3428.289307 -116.068924 1701.835693
3454.923828 -115.045807 1723.265137
3481.318848 -113.009506 1745.804443
3446.342529 -102.000183 1752.381104
3417.773682 -85.834183 1781.684937
3440.067871 -87.579559 1807.949097
3479.638428 -98.476776 1794.721191
3477.246582 -87.524811 1833.114746
3435.230713 -74.375160 1843.871582
3443.853516 -64.137115 1866.114990
3471.088379 -44.735123 1916.483643
3472.033691 -54.304207 1899.960205
3463.786377 -72.521187 1858.242065
3456.662598 -80.198029 1840.014526
3424.311523 -76.998169 1822.524048
3420.927979 -59.866096 1858.249268
3423.220459 -29.014656 1933.958618
3398.694336 -23.753059 1980.952515
3369.420166 -28.039597 1974.556763
3393.652100 -28.348595 1960.182251
3411.104736 -30.566490 1933.667236
3384.437256 -33.395523 1939.467285
3396.389648 -43.515450 1918.437134
3363.768066 -38.516441 1932.112305
