3896.719238 -13.290222 2975.392578
3918.889648 -12.864487 2920.048828
3858.647705 -4.116486 2912.363281
3778.266113 2.382996 2959.172607
3808.586914 4.700180 2866.049805
3885.175293 -5.908676 2839.619873
3900.389893 -7.810699 2867.659912
3812.858154 -0.147690 2923.150146
3836.874268 -0.299423 2881.158203
3855.369385 -2.008453 2828.643555
3848.601807 -1.294342 2792.859131
3806.901123 3.306244 2804.738037
3778.568359 10.543594 2841.957520
3743.458496 11.381317 2913.534668
3731.379639 18.287811 2984.279297
3729.154541 14.279022 3039.003418
3768.498291 -0.218689 3055.679199
3811.260254 -4.858109 3029.788330
3831.055908 -5.695816 2998.194580
3795.312012 -1.562149 3001.154541
3811.327637 -2.331192 2974.391846
3837.962891 -1.953537 2911.869629
3714.131104 16.270294 3128.485352
3758.465332 0.415436 3129.215820
3810.546875 -10.385681 3116.321533
3888.643555 -16.325241 3068.672607
3940.415283 -19.408295 3005.944092
3954.090576 -22.518951 2965.540283
3956.044189 -21.313309 2902.883301
3940.415283 -14.263260 2841.791504
3931.481689 -12.569260 2814.063721
3789.844482 9.726501 2742.787598
3829.763428 9.328201 2692.669189
3884.245117 -2.681412 2678.635742
3924.786621 -15.330902 2708.691162
3913.064941 -10.037186 2755.371826
3872.955566 -3.196396 2763.825195
3845.083984 4.823776 2735.894043
3864.163818 0.381104 2709.541016
3872.527588 -1.253128 2724.471191
3902.411865 -7.323181 2723.358643
3929.250000 -16.627365 2731.817139
3948.229492 -20.863480 2751.742676
3939.266357 -16.050568 2772.017822
3909.441162 -9.726486 2783.379395
3887.473145 -5.956741 2793.545898
3881.932373 -5.606537 2807.130371
3902.515137 -7.673401 2826.642334
3918.925781 -9.833694 2856.916992
3926.938232 -13.015579 2885.347656
3907.203857 -9.524887 2907.337158
3868.131836 -5.448303 2922.401123
3854.910400 -5.778229 2960.322510
3853.666748 -7.570374 2996.482422
3846.522461 -9.211487 3030.048340
3865.914062 -11.793304 3035.605225
3916.971924 -16.590164 2989.224609
3931.609619 -19.065002 2953.690430
3957.195801 -23.329147 2930.702393
3977.881836 -26.096375 2888.174561
3969.214355 -21.248596 2844.748779
3965.987793 -21.358414 2804.755615
3968.662109 -24.345383 2776.007324
3831.796143 14.018097 2644.250977
3870.085693 -1.444626 2602.319824
3866.628418 -2.056534 2535.961670
3842.735107 -1.256866 2482.271729
3854.456543 -4.355560 2388.881592
3857.917236 -7.082855 2340.117676
3870.071777 1.829910 2665.252441
3925.389648 -15.867737 2602.197754
3918.703125 -17.705109 2553.357910
3841.242676 8.449295 2594.706299
3817.554199 17.636765 2577.166748
3849.420654 1.122681 2516.308350
3892.210938 -22.587555 2463.308594
3834.920898 3.376266 2447.749512
3809.616699 18.879623 2462.510986
3868.952637 -9.753952 2406.437500
3889.364502 -16.421387 2367.881592
3874.796387 -12.528046 2348.790039
3894.548828 -20.410843 2408.524658
3893.163330 -12.264282 2518.193115
3868.131836 -10.712860 2450.999268
3829.962402 -2.008453 2310.605469
3801.090576 -5.235764 2261.225098
3754.782959 -7.416534 2234.920654
3810.039795 -19.634918 2185.808594
3878.121094 -23.521378 2196.393555
3882.957031 -19.628067 2253.357666
3840.781738 -7.432755 2273.367188
3824.266846 -13.750290 2212.080078
3859.883789 -24.043259 2168.246582
3917.478271 -27.476547 2181.888184
3907.205811 -26.886017 2214.489258
3886.737061 -22.738617 2235.088867
3911.111084 -26.812943 2290.731201
3896.141846 -19.051270 2332.411865
3863.710449 -12.136642 2302.927002
3903.296875 -27.578354 2262.536377
3941.854492 -31.294342 2199.202637
3854.456543 -12.910400 2229.137939
3875.946533 -24.032120 2179.042236
3909.245605 -31.177612 2134.458008
3878.490234 -29.220657 2118.190918
3804.095947 -26.975281 2140.829346
3767.749756 -18.707947 2174.700439
3831.403320 -25.739288 2152.517822
3888.435303 -28.266205 2141.251953
3920.166748 -28.506927 2160.683594
3948.492432 -32.557800 2148.193359
3899.791992 -28.630142 2148.523682
3874.983154 -19.682999 2222.977051
3874.983154 -19.682999 2222.977051
3857.989014 -10.310135 2288.380859
3857.989014 -10.310135 2288.380859
3853.721436 -11.031128 2253.685059
3853.721436 -11.031128 2253.685059
3877.700195 -16.421371 2293.187988
3877.700195 -16.421371 2293.187988
3878.537354 -15.968185 2319.020996
3878.537354 -15.968185 2319.020996
3893.078369 -21.468292 2292.481445
3893.078369 -21.468292 2292.481445
3823.222412 -7.027939 2254.491211
3823.222412 -7.027939 2254.491211
3806.657715 -11.401917 2221.634277
3783.708252 -13.887650 2212.368408
3783.708252 -13.887650 2212.368408
3914.022949 -10.317001 2659.046387
3914.022949 -10.317001 2659.046387
3899.249023 -5.455475 2629.581055
3899.249023 -5.455475 2629.581055
3958.917969 -23.768585 2734.455078
3951.631836 -22.285431 2715.313477
