4409.492188 -30.336273 3995.115967
4380.655762 -36.273056 4008.763184
4350.671387 -30.375488 4023.413574
4321.924805 -30.078964 4040.297852
4289.803711 -31.397354 4059.122803
4239.035156 -28.039597 4080.473633
4366.300293 -42.710876 4003.436523
4333.775391 -40.060394 4016.605713
4309.645996 -38.329697 4033.835693
4271.916992 -41.855118 4050.472656
4248.107910 -32.473663 4069.353027
4271.792969 -18.138016 4083.178955
4324.308105 -15.151382 4077.167480
4373.280762 -16.593048 4055.244873
4412.838379 -17.314026 4038.670898
4380.554688 -23.603806 4030.931885
4342.832520 -21.880310 4049.205566
4348.329102 -14.327087 4070.747070
4311.599121 -28.679611 4055.124023
4298.131348 -39.674194 4045.909424
4257.074707 -36.845657 4061.538330
4298.141602 -15.892639 4082.001465
4356.194336 -53.912933 3995.116211
4323.321289 -54.135414 4011.168213
4273.521484 -55.128189 4037.528320
4241.325195 -48.772430 4053.724121
4206.778809 -40.857742 4063.491943
4184.339355 -28.094337 4086.935059
4807.814453 61.477188 4119.985840
4731.624023 55.481415 4163.933105
4682.354004 60.490952 4180.733398
4646.723633 55.444054 4204.233398
4576.126953 57.852150 4206.105469
4546.458984 53.095352 4211.965332
4516.966309 49.102890 4211.965820
4792.391602 63.084846 4129.914062
4764.463379 57.784973 4135.774902
4751.558105 45.089279 4128.882324
4783.000977 36.285828 4094.749756
4817.177734 40.392548 4081.489502
4842.415039 46.689194 4092.471436
4829.506348 62.206787 4114.285645
4804.480469 43.901337 4095.811035
4790.967285 25.292953 4070.336426
4757.876953 25.572266 4090.842529
4775.634766 47.430748 4118.474121
4748.625977 35.819412 4114.791504
4715.646484 38.634705 4145.664062
4699.439453 55.625832 4172.894043
4694.177246 60.515984 4176.800781
4666.863281 41.848251 4171.599609
4637.406738 47.835876 4193.357910
4619.394531 58.691895 4211.406250
4604.169434 62.647072 4211.617676
4599.354492 44.059250 4194.289062
4635.897461 37.544449 4178.754395
4669.506348 36.313797 4162.328125
4705.092285 31.054031 4136.155273
4694.572266 24.436981 4122.100098
4647.290039 22.424789 4157.265137
4614.030762 24.256134 4165.124023
4664.262695 60.928146 4194.383301
4659.239746 49.728729 4184.615234
4705.304199 43.509933 4158.470703
4694.505859 43.785660 4162.035156
4695.520508 30.937302 4141.799316
4672.781250 22.759201 4139.130859
4667.279785 28.512726 4153.357910
4747.262695 47.231628 4139.155762
4736.693359 42.074844 4139.854492
4738.505859 34.357452 4120.146973
4728.055664 31.054031 4121.233887
4715.904297 25.402817 4112.017578
4749.342773 57.826729 4155.397461
4720.114746 32.413574 4129.849121
4577.160156 40.051777 4188.522949
4535.191406 36.918045 4194.492676
4502.244141 37.244122 4204.151855
4476.437012 43.269630 4211.770508
4456.568848 49.856220 4211.965332
4455.875000 40.959736 4202.197754
4470.399414 34.686432 4198.855469
4485.356445 29.691360 4194.383301
4514.774414 25.554104 4189.699707
4540.532715 27.819866 4181.209473
4569.500977 30.594479 4182.661621
4587.356445 27.497768 4172.893555
4578.271484 17.275688 4159.218750
4557.166016 11.820717 4159.218750
4532.984863 17.332573 4167.032715
4512.120605 15.695923 4172.893555
4498.000977 15.464714 4172.894043
4473.888184 17.396439 4171.690918
4453.415527 20.917648 4172.894043
4431.358398 22.875954 4172.057617
4422.250000 9.134720 4143.589844
4407.996094 -2.221344 4109.392090
4385.360352 -8.881882 4079.573730
4373.362793 -8.037308 4085.593994
4378.917969 -3.786903 4106.716309
4402.567383 10.925720 4149.450684
4402.005371 27.715553 4174.847168
4378.763672 8.126587 4138.835938
4359.505859 -4.459671 4108.424805
4342.309570 -0.488716 4127.960449
4362.679688 23.673599 4163.125977
4365.788086 45.730659 4188.522949
4328.482422 21.818481 4168.632812
4315.483887 -1.761269 4135.386719
4323.838867 -7.590973 4110.011719
4345.294922 20.060638 4160.814941
4364.347168 10.174789 4143.913086
4297.155762 -6.643417 4119.616699
4309.754883 10.122704 4155.311035
4344.462891 46.180565 4198.291016
4318.929688 30.731262 4187.241211
4376.656250 40.788010 4180.708496
4383.658691 27.387299 4167.234863
4349.781738 -6.011673 4103.292969
4339.265625 -5.757629 4108.698730
4343.686523 -9.609741 4087.170898
4317.294922 -9.973679 4101.242676
4313.668457 -13.401306 4086.935303
4437.862793 55.066360 4208.416016
4438.495117 43.704453 4196.336914
4431.817871 40.584793 4193.339844
4412.671387 40.722137 4189.096680
4411.051270 60.230019 4215.404297
4375.391113 63.773155 4222.461914
4388.850098 50.307800 4193.810059
4397.912598 58.966583 4204.614258
4419.082031 54.503311 4208.460938
4359.845215 62.914871 4220.028320
4307.668457 55.327576 4217.826660
4330.259766 64.618004 4223.687012
4347.939941 62.596031 4219.779785
4324.696777 52.642487 4212.311523
4324.925781 40.247787 4198.291016
4340.683105 35.146500 4183.364258
4308.881836 39.647659 4204.151855
4302.546387 29.254986 4192.019043
