3810.079834 153.091461
3810.078857 257.081787
3817.663330 367.811127
3810.164062 461.050049
3817.905029 492.756744
3841.467285 553.319153
3860.551270 606.953796
3855.081787 659.953735
3810.643066 711.312927
3782.505615 779.761658
3787.228516 824.354187
3866.058350 863.350220
3959.816895 844.840454
4091.684082 874.646667
4166.824707 934.410400
4226.096680 1018.693237
4250.704590 1179.202881
4262.483398 1357.041504
4282.407715 1447.619141
4358.329102 1597.654663
4393.021973 1652.154297
4415.912598 1689.182129
4412.803711 1779.649780
4414.229004 1850.731934
4395.338379 1937.287476
4322.971191 2054.549805
4260.805664 2267.660400
4204.484375 2447.729736
4162.952637 2771.436035
4179.411133 3118.691162
4151.753906 3201.593750
4078.597900 3271.710449
3967.831055 3355.408691
3885.478271 3430.255859
3772.997314 3561.174072
3677.258789 3771.462891
3625.847412 3821.785400
3464.977295 3845.449951
3354.518311 3869.931641
3240.412354 3914.342041
3180.105713 3980.882568
3171.847412 4038.044678
3181.643555 4115.915039
3195.797607 4164.695312
3214.022461 4268.876465
3249.273926 4367.074219
