5921.722168 2840.970215
5964.761719 2740.100586
5969.843750 2658.877930
5666.203125 2350.659180
5346.721680 2061.456787
5051.145020 1879.365112
4837.118652 1852.497192
4702.712891 2013.557861
4610.500977 2232.286377
4556.327148 2666.017822
4510.257324 3026.521484
4553.089355 3190.232178
4575.830566 3272.684326
4555.052246 3305.280029
4475.701660 3341.372314
4383.882812 3364.133057
4361.271973 3395.803223
4343.506348 3444.200195
4329.427246 3497.224121
4318.316406 3549.431396
4256.445801 3767.680176
4257.195312 3838.323242
4270.594238 3878.622070
4317.939941 3915.824707
4481.500488 3923.551270
4581.268555 3903.780518
4708.313965 3894.805420
4856.014648 3902.843994
4932.902832 3921.290283
5103.254395 4003.902588
5173.496582 4069.563721
5190.488281 4167.974121
5201.939941 4366.070312
5190.760254 4523.513184
5179.824219 4660.318848
5143.564453 4788.526367
5082.854492 4869.141602
5047.941406 4930.750977
5036.940918 5012.942383
5012.760254 5225.885742
4899.633301 5323.901367
4615.076172 5414.030273
4526.873535 5445.314453
4481.909668 5399.844727
4465.561523 5184.046875
4394.368164 5109.781250
4305.260742 5116.911621
4217.570312 5148.158691
4039.745605 5162.328125
3904.462646 5118.393066
3804.967285 5012.628418
3780.306641 4947.736816
3748.657715 4879.854492
3643.472656 4817.582520
3512.799561 4765.867676
