3746.584229 152.493927
3672.414307 303.988770
3646.592529 392.305176
3642.863281 510.709229
3614.494141 658.021667
3605.360840 762.227600
3633.079834 912.984314
3667.810059 1046.465454
3700.372314 1235.848022
3628.958496 1367.521484
3504.591797 1436.817505
3234.696289 1449.837280
3106.846191 1519.902344
2952.268311 1654.700806
2673.644043 1829.170044
2573.203613 2071.493652
2464.587402 2393.519775
2369.221680 2777.014648
2319.071777 2890.215820
1934.465332 3030.036865
1771.285767 3165.073242
1741.732666 3306.976318
1763.222168 3449.126953
1784.030762 3559.817139
1831.352173 3620.438721
1938.900024 3667.322266
1988.766846 3638.438965
2032.963745 3578.998779
2118.935059 3508.497559
2220.066895 3530.526855
2301.343018 3568.473877
2348.297852 3641.311279
2374.148438 3683.668945
2500.610352 3769.016846
2602.197998 3834.136230
2727.228516 3911.121338
2889.437500 4042.220947
3005.153809 4172.868652
3070.860840 4288.571289
3155.687988 4393.919922
