6157.753906 1794.290283
6018.582031 1848.565552
5891.395996 1846.397949
5817.360352 1809.731812
5652.934570 1759.196655
5476.723145 1706.275146
5330.055176 1679.436401
5155.274902 1646.989136
5030.284668 1644.479614
4863.790039 1644.353394
4716.358887 1658.882446
4614.073242 1710.789795
4537.444336 1786.806763
4501.131348 1840.500977
4437.716797 1960.877930
4353.203125 2111.925537
4302.619141 2290.249512
4281.398926 2510.286621
4285.454590 2698.777344
4274.913086 2865.820068
4266.290527 3009.658691
4270.972656 3206.396240
4271.901855 3324.982666
4267.342773 3513.821289
4192.119629 3655.503174
4101.011230 3764.900391
4018.297852 3895.921631
3919.348633 3953.697266
3834.118896 3995.809326
3709.346436 4072.706055
3592.769775 4125.389648
3458.998779 4173.781738
3326.651123 4266.406738
3263.370850 4377.932617
